750
339 341
474 475
114 115
840 841
740 744
993 995
49 51
816 817
401 402
91 93
832 833
390 392
259 262
200 204
716 717
249 250
846 847
452 454
512 513
543 544
795 796
620 622
6 8
481 482
788 789
982 984
134 137
382 383
99 101
129 130
386 388
368 371
726 731
153 155
231 234
470 471
861 862
71 72
118 119
407 408
735 737
343 344
466 469
818 824
163 165
10 12
156 157
537 542
40 44
168 169
609 612
765 769
324 327
116 117
812
853 856
409 410
359 363
813 814
144 146
252 253
932 934
923
494 495
583 585
899
20 26
581 582
714 715
688
138 143
387
345 350
545 547
879 881
857 858
413 414
180 182
837 838
929 930
147 150
536
497
459 461
660 661
422 424
510 511
11
800 801
73
808 810
990 991
615 617
54 55
958 960
161 162
438 443
631 632
684 685
102 104
337 338
246 248
70
572 573
866 868
662 664
973 974
697 698
956 957
403 405
894 897
289 290
496 498
825 828
774 781
912 915
668 670
528 529
759 760
372 373
285 288
94 95
871 872
720 721
811
15 18
243 244
66 67
256 257
27 30
937 940
297 304
31 32
151 152
624 625
521 522
375 376
701 703
675 676
46 47
797 798
415 417
273 280
834 835
196
436
618 619
651 653
455 458
873 876
464 465
553 558
562 563
394 395
330 331
173 175
198 199
238 242
113
447 449
270 271
723
499
226 227
105 108
947 949
353 355
815
131 133
564 566
753 758
906
775
22
236 237
126 128
490 492
534 535
188 190
916 918
994
193
770 773
451
745
762 763
191 195
179
601 603
523 524
673 674
924
219
278
952 953
86 88
472
919 920
52 53
314
4
588
645
149
59 61
941 943
434 437
5
939
526
183 185
805 806
123 124
977 979
365 366
961 965
171 172
80 82
771
560
216
476 478
517 518
751 752
501 503
584
509
665 666
884 885
705 709
579 580
525 527
90
428 432
628 630
710 711
637 643
568 571
381
848
335 336
281
228
87
223 224
484 487
158 160
468
202
599 600
329
241
266 269
367
96 97
457
803
485
13
606
287
211
681 683
214 215
321 322
76 79
902 903
557
799
263 264
36 37
254
728
286
78
964
605
867
328
393
962
444 445
648
292
0 2
996 999
567
23
779
657 659
83
860
891 892
260
145
768
985 988
28
589 590
802
139
927 928
695 696
967 968
508
539
310 318
875
197
654
109
820
181
546
404
370
68 69
296
633 634
34
275
561
272
64 65
313
218 221
48
595 598
247
255
855
25
602
416
398 399
166
942
793 794
106
746
607 608
462
384 385
125
951
570
127
217
550
187
301
488
736
38
423
756
154
483
306 307
865
669
761
479
50
686 689
559
302
586 587
334
356
992
641
910 911
348
551
936
635 636
889
950
898 901
294
103
945 946
75
616
755
184
732
504
725
81
450
638
706
836
277
361
778
332
19
896
480
663
907
644
309
577 578
201
724
887
629
626
893
347
98
140
904 909
667
969
300
89
878
852
208
426 427
729
922
880
57 58
320
882 883
913
555
890
493
826
100
74
349
623
502
830
594
712
845
364
743
532
877
360
473
411
148
777
209
576
3
291 295
614
7
963
467
194
548 552
463
905
206 207
507
430
333
429
757
433
41
389
980 981
456
704
279
178
839
926
754
298
167
9
60
718
92
514
222
869
864
997
998
954
972
900
749 750
530
739
500
647
986
792
21
203
627
849
679
819
677
435
268
516
265
823
844
120
533
742
406
446
391
908
159
35
358
233
245
210
831
549
84 85
975
870
970
575
267
692
396
650
699 700
671
776
189
921
821
352
708
886
311
610
442
782 783
541
421
305
613
727
400
225
229
251
596
604
713
786
707
418 419
111
554
888
702
987
369
486
682
274
944
719
440
142
362
342
39
29
680
62
213
597
284
935
240
299
804
63
505
176
863
232
593
261
283
303
687
851
212
174
121
136
312
177
787
933
378
460
874
439
785
186
276
827
978
722
807
574
931
850
591
346
377
425
412
56
24
540
611
741
230
733
652
640
538
955
565
854
379
519
235
45
14
790
690
325
441
730
672
658
1
914
323
489
110
293
938
925
112
132
506
315
966
453
843
822
319
656
693
917
976
491
107
258
351
809
77
983
520
205
374
655
649
531
16
829
42
239
738
380
791
326
842
592
43
122
141
646
766
784
895
420
164
515
678
747
621
316
17
170
340
859
772
354
357
317
691
397
431
556
959
569
764
767
33
477
135
192
642
220
282
308
448
639
694
734
748
780
948
971
989