750
57
413
585
437
197
539
215 216
210
778
813
630
627
894
348
99
141
47 48
668
905 910
789 790
672
777
174 176
108
568
537
310
645
326
636 637
739
997 1000
1 3
63
577
561
217
299
755
927
569 572
329
394
860
325 328
693
268
458
887
709
274 281
122
202
725
190
928 929
140
551
734
365
474
361
573 574
426
50 52
177
615
8
964
5
824
461
785
655
866
670
974 975
46
477 479
976
85 86
91
315
273
988
65 66
731
737
317
890
967
21 27
240
900
851
276
534
743
407
211
246
149
412
97 98
786
899 902
909
392
20
447
90
853
879
830
957 958
521
868
768
261
25
126
422
117 118
505
167
399 400
681
103 105
487
286 289
691
946 947
76
617
972
287
779
341
933 935
335
507
706 710
906
464
728
614
717 718
844
895 898
442
776
907
49
936
429 433
379
71
266
517
269
436
678
821
865
998
999
762
252
597
486
922
810
711 712
570
646
653
6
861
22
204
628
960
414 415
494
827
101
75
529 530
823
135 138
142
995
194
962 966
888
560
478
331 332
313
804
765
742
612
349
703
889
707
897
937
679
748
669 671
333
388
18
77 80
206
346 351
78
307 308
714
605
664
871
546 548
234
359
36
383 384
256
856
26
603
221
746
708
463
82
451
229
282
336 337
510
10
61
198
981 982
203
469
503
831
595
713
432
621 623
520
236
841 842
304
257 258
284
747
171
440
104
497 499
875
584 586
934
357
993
642
968 969
226
180
195
468
816
255
719
600 601
330
973
242
571
952
552
39
576
971
471 472
179
840
760 761
318
692
659
867 869
820
680
239 243
320
376 377
881
923
730
917 919
189 191
535 536
491 493
788
17
475 476
316
219 222
314
532
106 109
193
513 514
557
924
324
136
854 857
397
244 245
896
817 818
822
629 631
695
192 196
347
949
64
506
303
587 588
696 697
81 83
375
181 183
683
502 504
878
533
744
74
932
978 980
870
223
515
93
689
259
352
159 161
792
327
312
986 989
363
343
676 677
30
766 770
443
79
812
721 722
805
727 732
353
172 173
292 296
4
647
767
199 200
300
526 528
404 406
864
267 270
368
164 166
611
338 339
321
914
639
121
29
2
915
449
390
340 342
424
112
775 782
378
880 882
787
554 559
592
965
850
16 19
262
925
651
763 764
35
434
606
42
913 916
12
794 795
107
227 228
500
724
405
371
160
578 579
248
918
44
634 635
297
480
939
111
801 802
781
165
736 738
828
301
485 488
88
212
926
729
278
362
911 912
490
616 618
808
575
509
540
590 591
452
771 774
110
484
155
702 704
84
658 660
733
566
148 151
113
387 389
241
826 829
501
648
562
119 120
547
150
803
832
465 466
542
943
382
849
231
607
14
796 797
598
322 323
100 102
218
23
182
798 799
940
527
157 158
457
67 68
489
302
835 836
673
687 690
838 839
146
280
705
175
213
625 626
152 153
845
264 265
643
977
334
431
508
207 208
498
37 38
209
139 144
15
593
162 163
750 751
901
294
876
311 319
619 620
723
979
650
735
124 125
531
938 941
51
366 367
55 56
987
640
920 921
740
416 418
589
467 470
852
819 825
772
858 859
40
874 877
24
780
87 89
473
726
908
518 519
555
277
43
754 759
220
956
279
358
793
354 356
806 807
657
622
214
410 411
360 364
350
132 134
492
285
565 567
538 543
580 581
58 59
385 386
720
441
791
843
541
550
983 985
271 272
448 450
114
288
391 393
60 62
942 944
656
143
632 633
685 686
127 129
237 238
445 446
649
293
544 545
128
184 186
892 893
885 886
427 428
990
800
454
130 131
758
495 496
247 249
963
549 553
773
837
344 345
757
602 604
524 525
674 675
137
169 170
41 45
756
185
516
188
95 96
370
953 954
596 599
903 904
558
682 684
883 884
663 665
608 609
460 462
638 644
582 583
395 396
563 564
959 961
435 438
72 73
862 863
7 9
666 667
306
260 263
846
624
398
951
408 409
401
749
522 523
833 834
688
283
224 225
373 374
872 873
456 459
652 654
417
482 483
698 699
610 613
232 235
154 156
769
994 996
355
984
178
930 931
715 716
201 205
69 70
298 305
32 33
453 455
991 992
752 753
145 147
253 254
641
891
700 701
814 815
230
233
594
970
369 372
402 403
511 512
423 425
661 662
948 950
741 745
115 116
809 811
92 94
28 31
380
855
123
34
309
421
275
945
556
955
53 54
847 848
430
133
187
295
381
694
168
419 420
783 784
250 251
481
11 13
439 444
290 291