750
1
28
871 872
94 95
285 288
889
120
638
937 940
27 30
343 344
153 155
225
179
191 195
861 862
71 72
125
951
570
241
329
347
98
140
46 47
675 676
243 244
423
756
620 622
48
688
714 715
200 204
370
23
567
596
251
109
820
181
22
775
401 402
313
472
86 88
559
302
367
997
289 290
496 498
103
286
78
442
368 371
718
254
196
436
337 338
102 104
320
409 410
236 237
412
584
501 503
894 897
49 51
314
4
167
799
265
270 271
723
499
532
149
546
203
21
860
866 868
457
96 97
973 974
662 664
205
76 79
17
387
138 143
14
13
606
91 93
50
479
296
166
434 437
5
652
645
35
358
233
455 458
231 234
161 162
438 443
281
335 336
660 661
259 262
339 341
38
183 185
805 806
77
6 8
481 482
25
602
29
765 769
610
118 119
9
60
197
654
275
20 26
34
433
41
605
964
857 858
707
462
81
450
228
87
223 224
484 487
413 414
416
332
778
277
816 817
551
348
439
923
494 495
113
287
846 847
939
526
156 157
10 12
163 165
99 101
550
139
802
575
970
470 471
198 199
173 175
330 331
394 395
421
116 117
812
629
543 544
422 424
127
217
553 558
512 513
591
832 833
539
210
245
148
411
105 108
226 227
407 408
297 304
325
644
309
536
147 150
929 930
66 67
627
849
15 18
211
736
301
272
609 612
507
430
333
168 169
45
375 376
364
956 957
468
158 160
216
476 478
92
260
24
761
352
759 760
214 215
681 683
509
557
114 115
246 248
70
154
483
818 824
466 469
52 53
668 670
528 529
134 137
382 383
255
247
145
768
993 995
588
345 350
545 547
879 881
377
774 781
825 828
500
647
561
273 280
415 417
682
180 182
834 835
90
84 85
975
31 32
151 152
844
823
460
784
159
464 465
480
222
514
869
353 355
815
467
194
63
505
176
614
7
963
779
657 659
83
249 250
716 717
800 801
73
743
648
292
112
386 388
299
525 527
616
75
945 946
615 617
54 55
864
474 475
490 492
89
300
393
328
795 796
100
74
298
11
510 511
106
746
170
268
435
677
144 146
252 253
202
599 600
745
451
740 744
830
502
623
397
950
908
391
19
446
406
508
574
807
3
576
62
0 2
996 999
738
635 636
936
813 814
359 363
131 133
564 566
284
581 582
669
865
306 307
713
604
663
870
263 264
497
230
111
899
583 585
504
728
533
742
452 454
726 731
725
907
517 518
294
898 901
279
178
839
121
201
724
189
123 124
530
977 979
735 737
266 269
863
403 405
36 37
208
852
878
829
16
135
853 856
850
209
777
947 949
641
992
356
334
506
705 709
905
463
727
613
212
624 625
311
447 449
372 373
998
985 988
141
994
916 918
729
922
880
637 643
283
732
565
184
755
40 44
316
701 703
671
776
193
80 82
771
560
177
312
803
485
921
809
710 711
569
187
788 789
982 984
516
521 522
748
400
229
256 257
303
840 841
572 573
902 903
962
719
440
142
362
342
39
873 876
404
238 242
319
220
540
346
378
428 432
628 630
261
924
219
278
357
317
232
389
239
679
819
360
473
43
459 461
488
126 128
594
712
431
549
323
305
665 666
690
797 798
912 915
579 580
855
537 542
633 634
122
538
267
692
324 327
274
420
240
174
704
456
282
611
741
695 696
586 587
808 810
990 991
751 752
935
164
515
678
747
213
597
321 322
33
361
770 773
884 885
893
626
64 65
381
848
235
519
720 721
811
110
293
489
910 911
129 130
453
618 619
722
978
592
555
762 763
650
136
673 674
523 524
568 571
926
754
601 603
354
931
792
192
642
680
398 399
697 698
851
107
258
351
491
42
753 758
906
349
340
932 934
969
396
448
877
520
867
767
369
941 943
655
374
425
702
888
706
836
379
493
826
477
672
686 689
831
531
649
441
730
308
384 385
57 58
961 965
958 960
757
186
276
132
429
326
667
837 838
607 608
766
646
790
842
954
821
589 590
687
380
739
919 920
639
986
845
874
772
733
556
959
914
56
593
310 318
875
486
691
658
780
955
764
896
786
708
886
913
882 883
791
952 953
444 445
804
827
971
859
68 69
541
942
793 794
938
554
694
854
59 61
390 392
315
218 221
944
787
887
693
621
656
987
925
651 653
927 928
734
640
890
843
822
188 190
534 535
895
631 632
684 685
933
989
426 427
785
291 295
171 172
972
900
749 750
365 366
562 563
206 207
782 783
891 892
917
976
577 578
548 552
966
983
948
418 419
967 968
595 598
699 700
904 909
980 981