750
1
28
871 872
94 95
285 288
474 475
339 341
947 949
105 108
226 227
470 471
861 862
71 72
125
951
570
241
329
347
98
140
99 101
550
139
802
149
532
499
723
627
66 67
840 841
114 115
808 810
179
191 195
50
91 93
401 402
313
472
86 88
559
302
367
997
289 290
894 897
49 51
993 995
740 744
451
745
220
25
481 482
936
813 814
543 544
629
109
820
181
22
775
441
368 371
259 262
200 204
716 717
249 250
78
286
103
294
800 801
73
743
364
375 376
504
166
434 437
5
652
645
35
358
233
455 458
873 876
23
567
596
251
663
480
222
514
92
260
24
761
352
759 760
372 373
466 469
343 344
153 155
231 234
735 737
407 408
297 304
937 940
638
120
889
316
736
38
183 185
982 984
134 137
382 383
9
60
197
654
275
20 26
581 582
34
314
4
167
799
265
270 271
159
370
404
546
203
21
860
866 868
457
415 417
273 280
834 835
145
768
40 44
168 169
45
609 612
272
301
488
413 414
416
332
387
138 143
14
13
606
230
497
536
147 150
929 930
837 838
6 8
620 622
48
688
714 715
225
393
300
89
446
19
298
11
510 511
422 424
127
217
553 558
243 244
423
756
899
494 495
583 585
391
438 443
281
335 336
660 661
459 461
43
633 634
296
479
938
110
187
774 781
825 828
500
647
561
70
246 248
337 338
436
196
409 410
359 363
131 133
564 566
284
42
753 758
906
765 769
610
118 119
325
644
309
637 643
283
732
565
846 847
287
113
516
268
435
677
144 146
252 253
202
599 600
718
254
277
816 817
551
348
439
923
932 934
189
724
201
121
452 454
512 513
591
964
605
41
433
64 65
381
848
83
701 703
615 617
54 55
864
213
3
576
62
0 2
996 999
738
635 636
361
778
340
107
173 175
198 199
238 242
319
210
245
148
411
501 503
584
684 685
102 104
320
913
746
106
857 858
707
462
81
450
228
87
223 224
484 487
468
956 957
403 405
255
247
671
328
795 796
100
74
528 529
668 670
912 915
579 580
90
751 752
463
727
613
209
777
812
116 117
324 327
386 388
299
525 527
616
75
945 946
690
665 666
509
557
572 573
902 903
178
279
704
174
7
614
176
80 82
771
560
216
476 478
728
533
742
406
508
539
832 833
390 392
803
312
330 331
394 395
421
10 12
156 157
537 542
855
490 492
211
905
705 709
506
334
356
933
39
29
675 676
46 47
797 798
939
526
111
129 130
453
618 619
712
431
549
177
112
132
276
186
430
333
208
852
878
829
16
135
853 856
850
681 683
214 215
538
122
141
994
916 918
729
922
880
345 350
588
973 974
662 664
205
76 79
17
990 991
992
641
967 968
695 696
378
52 53
919 920
594
830
502
623
397
950
908
151 152
31 32
483
818 824
163 165
706
836
77
805 806
305
56
412
15 18
261
924
219
278
357
317
229
256 257
303
27 30
725
907
517 518
554
240
389
232
377
879 881
545 547
369
952 953
444 445
648
292
192
154
293
400
274
420
442
239
180 182
980 981
193
770 773
884 885
870
263 264
642
530
123 124
734
555
464 465
541
942
793 794
353 355
815
467
194
63
505
485
921
809
710 711
569
985 988
311
624 625
212
315
218 221
161 162
958 960
961 965
887
126 128
896
477
33
597
321 322
164
515
184
755
593
867
520
374
349
604
713
306 307
865
669
235
519
720 721
811
396
136
673 674
523 524
568 571
926
754
601 603
496 498
460
784
646
679
819
346
540
592
473
360
342
362
142
440
719
962
548 552
749 750
900
456
282
267
692
611
741
726 731
804
827
722
978
489
910 911
651 653
869
977 979
917
693
621
656
258
351
158 160
791
326
429
788 789
904 909
667
575
970
650
762 763
602
680
398 399
697 698
851
379
493
826
323
914
448
682
170
486
691
658
507
206 207
531
649
655
941 943
59 61
425
702
888
843
822
975
84 85
747
678
877
640
821
891 892
521 522
748
308
730
672
686 689
831
708
886
954
354
931
574
807
839
556
733
772
779
963
687
380
739
36 37
767
823
844
757
626
893
491
694
628 630
428 432
935
845
874
766
890
966
875
310 318
944
787
792
859
849
639
986
842
790
969
998
972
171 172
291 295
785
96 97
236 237
987
925
927 928
863
266 269
780
955
764
589 590
365 366
786
562 563
971
699 700
776
57 58
384 385
534 535
188 190
631 632
895
854
948
959
595 598
607 608
882 883
577 578
657 659
68 69
426 427
989
976
983
447 449
418 419
586 587
782 783
898 901