750
1
28
871 872
94 95
285 288
474 475
114 115
808 810
179
191 195
861 862
71 72
125
951
570
241
329
347
98
140
46 47
675 676
243 244
423
756
620 622
48
688
714 715
200 204
259 262
368 371
718
254
181
22
775
401 402
313
472
86 88
559
302
367
997
289 290
496 498
103
286
78
442
765 769
610
118 119
9
60
197
654
109
820
677
144 146
252 253
202
599 600
745
451
740 744
993 995
49 51
816 817
277
361
778
332
387
138 143
14
13
606
91 93
832 833
539
210
245
148
411
96 97
457
415 417
273 280
834 835
145
768
40 44
168 169
45
375 376
364
956 957
403 405
127
422 424
510 511
11
298
19
391
438 443
281
335 336
660 661
459 461
339 341
947 949
105 108
226 227
407 408
735 737
38
183 185
805 806
77
6 8
481 482
936
635 636
41
433
34
20 26
581 582
284
564 566
131 133
359 363
409 410
196
436
337 338
102 104
320
913
638
937 940
27 30
343 344
153 155
231 234
161 162
958 960
23
567
596
251
663
480
222
514
92
260
24
761
352
759 760
214 215
681 683
211
87
223 224
484 487
413 414
416
888
702
348
439
923
494 495
583 585
899
111
80 82
771
560
216
476 478
644
309
536
147 150
929 930
66 67
627
723
499
532
149
546
203
21
860
866 868
572 573
840 841
113
287
846 847
939
5
434 437
166
296
479
50
156 157
10 12
163 165
99 101
550
139
802
575
970
470 471
198 199
173 175
330 331
394 395
265
270 271
159
370
404
238 242
319
25
602
29
912 915
668 670
52 53
466 469
818 824
483
154
70
246 248
228
328
795 796
543 544
629
626
893
455 458
233
358
35
460
784
219
278
189
724
201
121
372 373
467
194
63
505
176
614
7
963
4
167
799
453
129 130
386 388
299
525 527
90
314
272
609 612
507
430
333
208
645
569
490 492
89
300
393
225
836
706
896
126 128
488
301
736
316
889
120
83
249 250
716 717
800 801
73
743
648
292
112
74
100
826
493
551
398 399
680
879 881
545 547
345 350
588
84 85
975
31 32
151 152
844
823
178
279
704
174
512 513
452 454
726 731
81
450
553 558
217
701 703
615 617
54 55
275
497
230
283
732
504
728
533
742
406
446
924
255
247
671
776
193
994
916 918
729
746
106
793 794
942
381
848
235
519
720 721
811
15 18
261
628 630
428 432
3
576
62
0 2
996 999
738
39
857 858
707
462
382 383
134 137
982 984
788 789
187
774 781
825 828
500
647
561
509
557
218 221
315
136
673 674
523 524
568 571
926
754
601 603
464 465
325
297 304
463
727
613
209
777
812
116 117
324 327
274
377
232
229
256 257
303
267
692
282
456
873 876
786
837 838
180 182
980 981
205
662 664
586 587
334
356
933
142
75
616
755
184
515
164
311
447 449
107
212
624 625
76 79
17
990 991
992
641
967 968
508
574
807
400
293
110
43
633 634
537 542
855
579 580
803
312
177
477
33
597
321 322
349
528 529
822
584
501 503
894 897
441
342
360
473
369
941 943
655
374
425
362
985 988
141
122
538
640
652
132
276
42
753 758
906
526
240
268
435
932 934
340
604
713
306 307
865
669
973 974
697 698
851
379
389
239
485
921
809
637 643
880
922
294
517 518
554
186
757
220
540
346
378
695 696
741
611
977 979
530
123 124
734
555
762 763
650
396
853 856
850
16
135
323
305
665 666
690
797 798
236 237
412
684 685
631 632
945 946
770 773
884 885
870
263 264
642
192
565
649
489
910 911
651 653
869
353 355
815
964
605
516
521 522
748
705 709
506
429
326
502
468
158 160
351
258
491
694
722
978
213
621
520
867
767
863
266 269
170
421
357
317
486
682
813 814
887
961 965
57 58
384 385
719
440
747
678
656
693
679
819
658
623
397
950
908
712
431
549
646
766
831
686 689
672
708
886
420
594
830
667
904 909
531
687
380
739
36 37
821
589 590
354
905
591
556
733
730
64 65
987
56
593
725
907
785
898 901
843
874
772
779
657 659
878
829
804
827
864
998
792
787
691
875
310 318
618 619
852
839
790
842
592
925
935
751 752
390 392
59 61
845
969
962
444 445
952 953
595 598
902 903
710 711
791
882 883
577 578
849
639
919 920
68 69
541
890
877
448
914
959
308
764
955
780
365 366
749 750
900
972
954
986
948
854
206 207
426 427
989
534 535
188 190
931
971
859
548 552
966
983
291 295
171 172
699 700
562 563
607 608
895
944
927 928
891 892
782 783
917
976
938
418 419