750
1
28
871 872
720 721
811
78
286
103
294
898 901
279
145
768
993 995
49 51
816 817
277
254
181
22
775
401 402
313
472
86 88
559
302
367
997
289 290
496 498
460
35
358
233
455 458
231 234
153 155
753 758
906
48
620 622
712
241
329
347
98
140
46 47
904 909
667
71 72
861 862
474 475
285 288
94 95
89
300
393
225
179
191 195
50
91 93
832 833
539
210
245
148
411
96 97
457
866 868
860
5
434 437
166
296
479
761
24
125
951
570
80 82
771
560
216
476 478
45
168 169
40 44
481 482
936
635 636
41
433
34
20 26
581 582
197
60
9
509
557
644
309
536
147 150
929 930
66 67
627
723
499
532
149
546
203
21
564 566
131 133
359 363
409 410
196
436
337 338
102 104
320
913
638
937 940
163 165
818 824
466 469
343 344
980 981
180 182
834 835
273 280
415 417
217
553 558
512 513
452 454
726 731
368 371
259 262
390 392
260
92
514
222
480
109
820
677
144 146
252 253
202
599 600
718
126 128
488
301
272
609 612
507
430
333
11
510 511
422 424
127
76 79
17
387
138 143
14
13
606
230
497
275
70
246 248
114 115
808 810
484 487
223 224
87
211
38
183 185
805 806
77
306 307
713
604
113
494 495
583 585
899
111
423
756
601 603
754
298
19
391
438 443
281
335 336
660 661
459 461
339 341
947 949
105 108
226 227
695 696
198 199
173 175
330 331
394 395
265
270 271
735 737
407 408
490 492
200 204
716 717
249 250
83
657 659
345 350
588
4
167
799
453
618 619
81
450
228
328
795 796
956 957
403 405
255
247
671
776
189
724
201
121
52 53
668 670
912 915
579 580
90
314
894 897
501 503
584
684 685
412
236 237
987
64 65
381
848
120
889
316
736
730
29
675 676
243 244
15 18
261
924
219
278
299
386 388
324 327
116 117
812
629
543 544
759 760
352
171 172
485
596
567
23
958 960
961 965
193
994
916 918
729
746
106
793 794
7
614
176
977 979
161 162
287
846 847
939
526
156 157
882 883
251
663
870
545 547
879 881
857 858
707
462
384 385
765 769
610
291 295
3
576
62
0 2
996 999
738
39
873 876
99 101
550
139
802
575
970
470 471
464 465
159
370
404
238 242
319
375 376
364
473
360
572 573
902 903
178
839
714 715
688
258
107
212
624 625
311
985 988
141
134 137
982 984
788 789
187
774 781
825 828
500
647
561
118 119
325
297 304
463
727
613
73
800 801
43
633 634
537 542
855
25
602
208
645
569
710 711
468
158 160
351
268
435
932 934
923
323
135
853 856
850
681 683
214 215
209
777
413 414
416
332
778
340
284
42
276
132
112
74
100
826
493
551
348
439
813 814
229
256 257
283
732
504
728
533
742
406
446
136
673 674
523 524
568 571
926
615 617
54 55
864
213
16
531
232
317
357
312
803
451
745
220
483
154
701 703
628 630
428 432
378
346
377
274
400
293
110
489
910 911
361
770 773
740 744
830
502
623
397
950
908
595 598
151 152
31 32
844
823
63
505
815
353 355
574
508
967 968
641
992
356
334
506
705 709
905
194
467
372 373
998
142
75
616
755
184
515
164
626
893
884 885
426 427
186
554
517 518
907
725
10 12
421
170
486
369
941 943
655
267
692
282
303
840 841
235
519
379
389
239
442
420
240
174
704
6 8
837 838
607 608
662 664
205
374
349
528 529
822
843
669
865
654
549
177
292
648
702
888
706
836
477
33
597
321 322
538
122
785
425
342
362
440
719
962
548 552
749 750
900
441
594
919 920
639
849
964
605
516
521 522
748
891 892
821
921
809
637 643
880
922
520
867
767
649
565
192
642
263 264
36 37
739
380
530
123 124
734
555
762 763
650
315
218 221
611
741
429
326
687
757
129 130
621
656
678
747
693
679
819
658
396
448
682
743
354
931
779
963
382 383
863
266 269
973 974
697 698
851
27 30
969
431
556
591
791
540
592
842
646
680
398 399
56
305
665 666
690
945 946
631 632
672
686 689
831
708
886
954
972
829
878
852
895
787
691
875
310 318
593
562 563
786
896
652
640
877
804
827
722
978
807
541
942
491
694
456
925
935
751 752
990 991
797 798
927 928
651 653
869
887
577 578
917
874
766
784
975
84 85
68 69
792
859
772
733
586 587
206 207
854
59 61
845
983
890
966
308
952 953
444 445
188 190
534 535
944
764
955
780
365 366
589 590
790
976
914
959
933
989
938
948
986
971
699 700
525 527
418 419
782 783
57 58
447 449