750
57
413
585
685 686
103 105
321
410 411
360 364
132 134
565 567
826 829
501
648
562
273
610 613
508
431
334
232 235
385 386
766 770
611
292 296
4
388
139 144
15
44
634 635
74
801 802
717 718
250 251
593
162 163
978 980
736 738
39
184 186
806 807
260 263
754 759
907
49
621 623
851
854 857
136
17
475 476
286 289
890
317
737
731
182
821
110
998
290 291
497 499
875
461
785
655
866
670
974 975
437
197
835 836
146
769
994 996
589
346 351
658 660
284
747
171
269
436
678
145 147
253 254
203
600 601
719
369 372
727 732
453 455
513 514
592
965
606
42
434
35
21 27
112
424
757
900
584 586
495 496
758
746
452
771 774
741 745
831
503
469
159 161
352
695
629 631
429 433
379
71
247 249
338 339
993
357
335
507
706 710
976
85 86
91
315
50 52
426
573 574
903 904
179
840
760 761
353
762
25
126
952
743
407
211
246
149
412
97 98
458
867 869
861
22
204
628
724
500
533
744
365
376 377
505
167
435 438
6
653
646
570
711 712
227 228
696 697
199 200
174 176
819 825
484
155
702 704
616 618
946 947
76
617
972
287
104
440
349
612
742
220
956
781
111
294
939
480
297
69 70
371
201 205
988
65 66
627
894
348
99
141
47 48
905 910
668
72 73
862 863
192 196
180
809 811
485 488
224 225
88
229
329
796 797
957 958
645
310
92 94
51
938 941
639
326
636 637
937
482 483
26
603
221
977
643
264 265
845
824
266
271 272
160
578 579
605
714
307 308
78
7 9
511 512
12
299
755
927
569 572
394
860
325 328
117 118
813
630
544 545
423 425
128
218
554 559
563 564
940
847 848
288
212
926
729
816
354 356
575
808
715 716
689
259
108
568
597
252
664
871
546 548
880 882
858 859
708
463
82
451
282
336 337
661 662
460 462
340 342
948 950
106 109
193
2
29
872 873
721 722
812
79
443
142
995
917 919
923
730
427 428
885 886
262
925
447
90
853
879
830
43
277
133
113
387 389
300
526 528
100 102
551
734
231
607
14
906
464
728
614
135 138
529 530
669 671
763 764
651
491 493
408 409
298 305
934
692
318
358
313
804
765
703
889
707
897
20
392
439 444
632 633
494
827
101
75
640
920 921
595
713
432
557
924
933 935
341
779
333
417
414 415
181 183
981 982
344 345
467 470
53 54
122
202
725
190
928 929
140
803
576
971
471 472
465 466
832
560
478
331 332
395 396
422
817 818
552
399 400
681
647
767
206
663 665
587 588
303
506
64
195
468
373 374
999
986 989
312
448 450
314
402 403
776
23
10
61
198
888
962 966
959 961
24
780
964
8
615
177
81 83
772
561
217
477 479
46
169 170
137
674 675
524 525
602 604
913 916
580 581
856
256
248
918
694
622
679
748
16 19
244 245
676 677
343
650
735
124 125
531
383 384
521
868
768
261
93
515
223
870
652 654
911 912
490
324
960
516
165
876
215 216
682 684
833 834
540
509
968 969
226
154 156
709
887
698 699
852
28 31
304
257 258
67 68
930 931
838 839
608 609
327
792
398
624
846
115 116
687 690
673
375
656
942 944
370
953 954
596 599
909
899 902
786
123
539
194
347
949
121
236
520
380
855
723
979
214
63
577
230
814 815
683
502 504
895 898
442
30
791
691
798 799
237 238
127 129
489
302
421
210
778
283
693
268
773
936
752 753
518 519
555
187
908
726
473
87 89
922
810
638 644
486
172 173
240
456 459
234
359
36
274 281
416 418
750 751
901
805
828
301
157 158
883 884
914
487
95 96
188
789 790
983 985
517
5
168
800
454
619 620
219 222
316
967
844
823
143
441
720
963
649
293
659
820
680
239 243
320
492
285
582 583
705
175
849
382
943
542
185
756
445 446
381
688
532
788
896
241
148 151
537
498
207 208
11 13
164 166
368
267 270
864
404 406
37 38
209
18
77 80
306
666 667
510
558
397
449
915
330
973
276
534
566
733
594
233
378
775 782
84
787
874 877
40
990
535 536
189 191
841 842
114
527
749
522 523
892 893
822
590 591
355
984
178
550
541
843
987
55 56
865
598
322 323
34
362
278
255
641
280
991 992
783 784
932
275
401
642
309
739
997 1000
1 3
119 120
547
150
60 62
242
571
474
361
363
793
970
295
457
405
279
951
130 131
549 553
850
657
837
945
672
777
700 701
390
350
481
58 59
881
152 153
32 33
955
556
891
878
311 319
625 626
213
107
794 795
430
41 45
538 543
419 420
740
366 367
391 393