750
57
413
585
685 686
103 105
321
410 411
360 364
132 134
565 567
826 829
501
648
562
273
610 613
508
431
334
232 235
154 156
754 759
907
49
621 623
851
854 857
136
17
475 476
286 289
95 96
872 873
29
177
615
8
964
5
824
461
785
655
866
670
974 975
437
197
835 836
146
769
994 996
50 52
817 818
552
494
827
101
75
529 530
760 761
353
762
25
126
952
743
407
211
246
149
412
97 98
458
867 869
861
22
204
628
724
500
533
744
74
801 802
717 718
201 205
260 263
391 393
833 834
92 94
402 403
314
532
560
478
331 332
174 176
819 825
467 470
344 345
981 982
181 183
838 839
608 609
663 665
206
77 80
18
388
139 144
15
44
634 635
35
21 27
582 583
299
755
927
569 572
329
796 797
957 958
404 406
256
248
918
978 980
162 163
959 961
24
568
597
252
664
605
714
307 308
78
806 807
184 186
39
736 738
408 409
227 228
696 697
199 200
239 243
779
341
933 935
924
495 496
584 586
900
240
456 459
234
359
36
646
570
711 712
862 863
192 196
180
809 811
115 116
841 842
67 68
257 258
304
28 31
938 941
639
326
645
310
537
148 151
930 931
442
776
23
10
61
198
888
725
190
928 929
140
551
100 102
526 528
300
387 389
287
104
440
349
612
742
220
956
781
111
294
939
480
297
167
435 438
6
653
485 488
224 225
88
229
282
336 337
661 662
423 425
128
218
554 559
513 514
453 455
727 732
369 372
719
255
816
354 356
575
808
715 716
689
259
695
629 631
429 433
379
71
247 249
338 339
611
766 770
385 386
720
441
748
679
937
482 483
789 790
983 985
135 138
895 898
502 504
683
416 418
274 281
122
202
578 579
160
371
69 70
821
110
998
290 291
497 499
875
721 722
812
79
443
142
995
917 919
923
394
860
325 328
117 118
813
630
544 545
814 815
145 147
678
269
436
253 254
203
600 601
330
348
894
627
65 66
731
737
317
890
967
844
454
800
168
327
668
905 910
47 48
676 677
244 245
424
757
602 604
465 466
858 859
708
463
82
451
619 620
723
979
616 618
55 56
987
640
920 921
976
85 86
91
315
53 54
669 671
913 916
580 581
284
747
171
487
318
692
76
946 947
691
798 799
182
547
150
803
576
971
471 472
357
335
507
706 710
906
464
728
614
511 512
12
922
810
638 644
486
804
765
313
358
352
159 161
469
503
831
741 745
452
746
221
603
26
856
538 543
157 158
883 884
914
346 351
589
847 848
288
212
926
729
534
276
587 588
303
506
64
195
468
373 374
999
986 989
312
448 450
114
517
606
965
592
948 950
106 109
193
643
264 265
845
152 153
32 33
840
179
280
899 902
786
123
539
215 216
682 684
376 377
365
734
880 882
546 548
370
942 944
656
650
735
124 125
531
383 384
521
868
768
261
93
515
223
870
652 654
417
414 415
960
324
915
449
108
492
43
277
133
113
178
659
2
820
680
647
767
832
687 690
673
375
81 83
772
561
217
477 479
46
169 170
41 45
756
185
516
165
876
311 319
540
509
968 969
226
837
278
362
636 637
739
997 1000
1 3
63
577
230
557
340 342
460 462
207 208
498
231
607
14
962 966
194
771 774
892 893
822
590 591
266
271 272
267 270
864
378
775 782
112
130 131
758
187
909
392
439 444
632 633
90
447
20
897
481
853
879
830
805
828
301
596 599
903 904
573 574
426
343
703
889
707
164 166
11 13
422
395 396
885 886
262
925
651
763 764
556
593
250 251
932
972
617
681
399 400
368
874 877
40
283
693
268
773
936
752 753
658 660
84
702 704
672
777
316
219 222
510
558
666 667
306
934
298 305
445 446
649
293
622
214
333
355
984
210
778
236
520
380
855
241
421
896
474
361
398
624
846
713
432
791
977
320
657
694
850
16 19
457
175
705
7 9
127 129
595
242
571
881
792
541
347
949
121
849
382
943
505
733
566
279
405
143
823
993
642
309
141
99
137
674 675
524 525
58 59
871
990
427 428
730
788
491 493
945
275
401
749
522 523
625 626
213
852
698 699
887
709
787
750 751
901
233
594
473
87 89
780
598
322 323
34
911 912
490
550
37 38
209
30
843
51
366 367
285
740
381
688
430
188
350
42
434
484
155
973
419 420
549 553
963
641
292 296
4
390
700 701
527
940
563 564
302
489
397
878
891
542
107
794 795
119 120
72 73
555
518 519
908
726
970
793
363
988
237 238
951
295
865
783 784
189 191
535 536
60 62
955
172 173
953 954
991 992