1999
363
619
1401
482
500
1344
1395
463
54
183
201
893
230
240
305
748
1097
1279
1659
1682
1705
1759
1863
994
1876
10
18
145
167
257
938
313
1768
315
342
351
374
411
899
432
504
590
1723
1908
635
636
684
725
732
798
804
828
873
881
1331
1011
1035
1090
1101
1107
1174
969
1224
1866
1252
1295
1520
1542
97
1566
1589
1685
415
1807
1819
1920
506
1928
1971
1475
1990
1994
88
98
104
121
132
134
156
162
165
353
172
217
262
1430
269
286
341
354
357
360
370
1262
381
382
389
400
428
446
462
475
1506
1231
513
517
669
518
551
589
603
358
614
622
664
686
717
1281
733
753
792
806
808
1725
810
812
847
868
874
878
889
890
901
907
948
963
967
978
1618
984
986
1024
1098
38
1113
1116
1141
1151
1167
1194
1239
1242
1254
1265
1284
1972
1304
1317
1320
1341
1346
1371
1435
1467
1491
1497
1498
1516
1530
1553
1570
1572
1611
1617
1621
1594
1635
1675
1770
1808
1811
1816
1837
1931
1942
1580
1955
1961
11
1230
19
27
30
32
1464
49
53
55
60
136
65
1558
73
103
122
1757
143
146
150
1190
159
161
185
202
453
215
947
1164
216
223
83
225
236
253
271
279
289
297
317
319
322
325
339
1713
349
356
385
1834
396
398
433
507
436
439
443
449
452
456
477
1760
487
488
491
494
508
515
534
626
537
541
567
999
570
591
594
595
601
625
629
640
642
657
666
679
1396
708
714
765
769
772
784
787
790
794
803
821
841
1293
842
843
852
1370
860
877
886
906
917
1196
922
227
931
942
470
946
949
987
953
1007
460
1031
1038
1043
1046
1047
1064
1073
1074
1086
1108
1118
1122
1132
1134
1135
1145
1146
1159
1175
1178
1182
1203
1004
1223
1244
1251
1267
1275
1285
1306
1322
1330
1338
1340
1380
1381
1393
1398
1407
1417
1421
1629
1422
1488
1499
1502
1505
1507
1510
1522
1526
74
1536
1547
190
1550
1556
1564
1573
1436
1583
1595
1599
1603
1612
1616
991
1624
1636
1650
1887
1666
1668
1671
1673
1690
1691
1694
1703
1708
1731
1734
1738
685
1748
1763
1777
1778
1779
1781
1782
1786
1789
1794
1803
1805
1806
1823
1825
1826
1843
1849
1851
1858
1865
1869
1883
1888
1857
1893
1924
1933
1945
1951
1962
1037
1245
1969
1973
1975
1981
1993
1996
0
5
7
13
17
21
26
48
52
56
59
81
90
1750
93
95
1655
96
101
105
113
118
139
1644
140
168
170
1756
175
178
181
545
200
1769
203
209
213
235
237
241
242
243
252
261
274
283
284
290
302
314
1904
316
321
324
327
330
335
337
344
345
350
364
373
384
394
401
413
416
421
423
1852
426
430
442
582
444
458
459
461
467
469
471
479
481
485
486
495
280
511
521
530
535
542
543
544
550
554
556
1500
557
562
563
581
585
587
239
613
624
627
633
637
639
644
656
176
658
659
660
677
681
687
688
691
695
696
698
701
716
719
723
726
229
734
735
744
755
756
760
1597
762
763
777
793
800
802
805
813
823
824
1790
844
850
853
858
859
866
876
879
894
910
913
916
1525
919
921
923
933
935
944
951
952
955
956
958
972
975
976
980
989
50
1006
1009
1010
1013
1018
1862
1771
1021
1871
1022
1026
1029
1956
1032
409
1050
1052
1055
1060
1063
1066
1078
1082
1084
1085
1093
1102
1189
1103
1106
1120
1130
1131
1133
1138
1143
1150
1152
1161
1165
1166
1172
1176
1184
1197
1199
1208
1212
1289
1217
1226
1235
1237
1255
1270
1273
1669
1296
1335
1349
1352
1357
1363
1384
1386
1387
1391
1399
1400
465
1402
1408
1415
1419
1426
1428
1434
1445
1447
1824
1451
1454
1455
1458
1463
1472
1479
1482
1485
1486
1489
1515
1517
1523
1527
1532
1535
1548
1567
1575
1651
1578
1582
1601
1607
1626
414
1632
1637
1638
1442
1646
1648
1662
1664
960
1672
1684
1687
204
1689
1697
1710
1712
1722
1727
1732
1739
1741
1744
1758
1764
1772
1774
1780
1792
1800
1801
1817
1836
1840
1848
1850
1864
643
1868
1874
1875
1879
834
131
1882
1902
1909
1378
1921
1925
1932
1939
564
1944
1949
1960
1966
1968
1970
1974
1977
1988
1989
1991
6
8
9
12
24
28
31
36
39
46
58
64
67
70
71
76
79
80
82
87
91
92
99
106
107
110
115
125
127
135
141
153
157
171
174
180
192
193
196
198
199
207
208
218
219
220
232
233
244
245
246
247
998
250
251
255
258
263
266
267
278
281
915
291
295
296
299
301
307
323
336
343
346
352
366
1433
377
379
386
387
390
391
393
402
405
406
407
412
419
427
435
440
1062
447
455
466
472
835
484
1568
489
505
512
519
520
1240
522
525
526
536
546
547
552
555
561
936
566
574
584
592
608
612
615
628
631
632
638
646
650
654
655
661
665
671
674
675
694
697
1390
699
703
704
706
707
712
713
718
721
737
741
749
750
751
752
754
757
767
780
789
791
294
795
796
797
817
819
1829
825
838
845
846
855
861
862
864
865
870
882
884
888
895
897
903
904
909
912
914
918
924
925
929
932
934
962
964
965
968
970
273
982
995
1000
1001
1008
1016
1025
1028
1033
126
1044
1045
1048
1051
1053
1056
1059
1061
1065
1068
1069
1080
1081
1083
1087
1089
1095
1100
1104
1105
1109
1112
1119
1126
1128
1129
1137
1142
1144
1148
1155
1156
1177
1179
1186
1188
1191
1198
1202
1205
1206
1213
1216
1218
1221
1222
1227
1228
1232
1233
1238
1243
1246
1249
1256
1257
1258
1250
1259
1263
830
1271
1274
1277
1280
1318
1283
1290
1291
1292
1297
1303
1308
1310
1311
1313
1319
1323
1324
1326
1328
1337
1339
1347
1353
1356
1360
1364
1368
1373
1376
1377
1379
1382
1388
1389
1394
1397
1403
1404
1409
1698
1411
1418
1420
1423
1432
1437
1439
1440
1443
1450
1453
1456
1474
1477
1483
1484
1487
1493
1495
1501
1508
1509
1521
1528
1537
1543
1859
1544
1546
1551
1554
1003
1559
1562
1563
1565
1569
1577
1584
1586
1592
1593
1596
1598
1602
668
1608
1613
1622
1623
1625
1630
1633
1639
1642
1645
1647
1653
1660
1663
1665
1674
1686
1704
1717
1719
653
1726
1735
1736
1740
1742
1745
1747
1751
1752
1755
1765
1766
1773
1775
1784
1785
1793
1796
1797
1798
1799
1804
1809
1812
1820
1835
1838
1839
1842
1845
1856
1860
1870
1872
1873
1885
1894
1895
1897
1899
1900
1901
1903
1906
1913
1916
1917
1919
1923
1927
1929
1307
1930
1936
1937
1940
1943
1947
1948
1957
1959
1963
1965
1979
1980
1987
1992
1997
1998
2
3
4
14
16
22
25
33
37
120
41
43
44
51
61
63
66
68
75
77
778
78
85
86
89
100
108
111
123
128
129
133
138
142
147
151
155
158
160
166
177
182
184
187
188
189
197
205
206
226
228
410
231
238
248
249
264
265
270
272
275
276
277
282
285
287
288
293
298
303
304
308
310
318
328
329
334
338
340
347
355
361
362
365
367
368
378
388
392
397
417
418
420
422
425
441
429
434
445
454
457
464
473
476
478
480
490
492
493
496
497
498
499
502
510
514
516
523
532
538
553
559
560
565
572
573
575
576
577
579
580
583
586
593
597
1241
599
602
605
607
610
617
618
621
623
641
645
647
651
662
667
676
680
683
689
690
692
702
705
709
715
720
724
736
738
739
740
742
759
764
768
770
771
774
776
779
786
801
807
809
816
818
827
832
833
836
854
863
867
939
871
872
883
891
892
896
900
902
905
920
927
928
930
937
941
943
950
957
959
961
966
971
974
983
990
993
1002
1015
1017
1019
1023
1027
1036
1057
1058
1067
1071
1079
1088
1092
1094
1096
1099
1114
1115
1125
1136
1139
1140
1162
1163
1168
1169
1170
1173
1181
1183
1187
1192
1193
1200
1201
1204
1209
1210
1215
1220
1229
1234
1236
1264
1266
1272
1276
1278
1282
424
1288
1294
1298
1300
1305
1314
1315
1316
1321
1325
1327
1329
1332
1333
1348
1350
1351
1354
1355
1366
611
1369
1372
1375
1385
1392
1406
1413
1416
1438
1444
1446
1448
1452
1457
1460
1462
1468
1470
1471
1480
1490
1492
1503
1514
1938
1518
1524
1529
1534
1539
1545
1552
1555
1560
1561
1571
1574
1576
1579
1581
1587
1588
1590
1609
1619
1627
1628
1641
1643
1652
1654
1657
1658
1670
1676
1677
1678
1679
1680
1688
1693
1695
1700
1707
1709
1716
1718
1696
1721
1724
1730
1733
1737
1746
1749
1754
1761
1787
1788
1791
1810
1813
1815
1822
1828
1830
1831
1833
596
1841
1847
1854
1861
1877
1878
1881
1889
1891
1892
1912
1914
1915
1918
1922
1926
1934
1941
1946
1950
1952
1953
1954
1964
1967
1986
1995
15
23
29
34
35
40
45
47
57
62
69
72
84
94
102
109
112
114
116
117
119
124
130
137
144
148
149
152
163
173
179
186
191
210
211
214
221
254
256
259
268
292
306
311
320
326
331
332
333
348
359
369
371
372
375
380
383
395
399
403
404
408
431
437
438
448
450
451
468
474
483
501
503
509
524
527
529
531
533
539
540
548
558
568
569
578
588
598
604
606
609
620
630
648
652
663
670
673
678
682
693
700
711
722
727
728
729
730
731
743
745
746
747
758
761
766
775
781
782
783
788
799
811
815
820
829
831
837
839
840
849
851
856
857
869
875
880
885
887
898
908
911
926
940
945
954
973
977
979
985
988
996
997
1005
1012
1014
1020
1030
1034
1040
1041
1042
1054
1070
1072
1076
1077
1091
1110
1111
1117
1121
1124
1127
1147
1149
1153
1157
1158
1160
1171
1185
1195
1207
1211
1214
1219
1247
1248
1253
1260
1261
1269
1286
1287
1301
1309
1312
1334
1336
1342
1345
1358
1359
1361
1362
1367
1374
1383
1405
1412
1414
1425
1427
1441
1461
1465
1466
1469
1473
1476
1481
1494
1511
1512
1513
1519
1531
1540
1541
1549
1557
1585
1591
1600
1604
1605
1606
1610
1614
1615
1634
1640
1649
1656
1667
1681
1683
1692
1701
1711
1714
1715
1720
1728
1729
1753
1776
1795
1802
1814
1818
1821
1827
1832
1853
1855
1880
1886
1890
1896
1898
1905
1907
1910
1911
1935
1958
1982
1984
1985
1
20
42
154
164
1978
169
194
195
212
222
224
234
260
300
309
312
376
528
549
571
600
616
634
649
672
710
773
785
814
822
826
848
981
992
1039
1049
1075
1123
1154
1180
1225
1268
1299
1302
1343
1365
1410
1424
1429
1431
1449
1459
1478
1496
1504
1533
1538
1620
1631
1661
1699
1702
1706
1743
1762
1767
1783
1844
1846
1867
1884
1976
1983