1326
829
218
143
382
992 994
1044
1308
348
166
362
635
211
1451
802
948
405
1150
637
1523
1419 1420
146
279
463
1447
590
1900
280
1189
569
303
1373
749
1198
506
1298
1202
532
1085
1705
1098
1167
1073
1838
1550
10
299
1241
323 324
626
1974
1207
1660
1280
885
716
1746
1040
447
1148
567
1091
1398
1208
456
458
993
1435
1384
531
644 646
997
1644
941
1836
832 833
579
1191
701
501
40
259
1245
594
1268
1464
347
592 595
1720
1811
406
962
56
127
1658
1050
474
467
330
272
1338 1340
775
1641
1411
470
233 234
1780
804
387
1978
413
1117 1119
1219 1220
1973
1609
1687
520 521
1840
1960 1961
1866 1867
770
1113
1672 1674
1676
1310
352 354
796
1755
135
951
1942 1944
1582
1696
1446
510
1390
1366
574 577
1005
763
673
1325 1327
1534
1027
810
372
145 147
1243
678 679
217
409 411
1107
55
1052
1943
1126
1240
752
18 19
22
622
1871
1463
1818
1778
955
227
292 293
95 96
798
1031
1931 1936
115
692 693
1173 1177
1602 1603
1758
914
107 108
1247
1344
1637 1638
747
200
1519 1521
250
45
602
1878
1234
980
928 929
1601
475 476
429
715
252
790
1844
1777
1933
1199
190
583 585
240 241
269
990
395
225 226
803
1188
1548
973 974
522
730
826
1652
1253
573
156
1955 1957
1774
1200 1204
1586
492 493
1849 1850
934
769 771
441 442
428 430
120
1427 1429
570
1443
1992 1993
1540 1541
557
1187 1190
791
1538 1539
1450 1452
451 453
1421
734
890 891
1294
822
1413
1509 1511
1537
1604 1605
1099
705
371
843
854
1058
125
1269
949
1892
764 765
556
1726
1887
1185
1074
926
264 265
349
157 158
1476 1477
286
776
1333
1136 1137
1285
1170
1114
1525
1636
1071
1566
605
919
1906
1265
254 255
1049 1051
780
1683
1522
1629
76
1060
1324
1410
1063 1064
282 284
344
1763
1691
1707
550
651 653
840 841
535
1441
584
105 106
1639 1640
306
761 762
1568 1569
1013 1014
1440
1163
697
1516
5
1499 1500
1719 1721
1209 1210
1733 1734
1145
1766 1767
1821 1822
182
487
155
181
1004 1007
133 134
1104 1105
613
1361
528
723
1461
454
230
283
1143
231
1244
420 421
917
1673
1175
23
1118
863
777 778
1885 1886
33 34
1255
987
515
1343
1923 1925
431
1290
1479
1389
597
1034
1560
677
1291
1257
1454
1924
888 889
1077 1080
1791
1651
193 194
498 500
1930
1038
61
73 75
696 698
482 483
649 650
54
1183
1875
1006
1847 1848
1708
1981
1487 1488
139 140
1120 1121
1402 1404
1870
1020 1021
92 93
1090 1092
46
270
20
561 563
391 392
1053 1054
713 714
1357 1358
1782 1783
576
1362
1249 1251
1363 1364
612 615
1894 1895
1481 1482
1729 1730
1824 1825
1155
295
1067 1068
446
1059 1061
1134 1135
41
1437 1438
1980 1983
1989 1991
1616 1617
1756
316 317
165
865
1359 1360
690 691
1086
1489 1490
1624 1625
1806 1807
66
377 378
311 312
1520
30
136
611
1835 1837
683
198
1915 1916
1302
205
846
900 902
1701
417
314
1666
277
478 479
184
445
460
236
808
1802
359
562
381 383
222
1025 1026
831
1248
779
1261
1076
851
575
564 565
879
1008
1062
1851 1852
16 17
1799
819
1176
1130
1315
1542
1914
1496
960
1009 1010
882
1347
1513
1196 1197
1458
1115 1116
1434 1436
418 419
53 58
523 524
1106 1108
1320 1321
31 32
850 852
1453
628 630
1096 1097
530 533
1336 1337
331
1428
1677
1956
766
543 544
1969
607 608
449 450
1129 1131
169
634
1213 1214
1278
1368 1369
357 358
1826 1827
792 793
589 591
750 751
1221 1222
1724 1725
1156 1157
1272 1273
1422 1423
1345 1346
1958 1959
1842 1845
1517
153
452
1019
274
767
1460
1667 1668
1475
699 700
807 811
1722 1723
185
1645 1646
29
488
266 267
1748
504
305
572
684
1430
682
957
897
812 813
856 858
706
1055 1056
1740
983
1497
137 138
1138
1675
1797
961
415 416
1275
1552
244 245
537 538
1201
1416
1761 1762
1
1839 1841
1365 1367
12
539 540
1095
1829
1037
1656
1905
461 462
339 340
1877
1880
80 81
870
1612
341
313 315
433 434
505 507
249
355 356
663 664
466 468
795 799
1717 1718
680 681
600 601
1613 1614
1503 1504
892 893
296 297
1810 1812
438 440
480 481
1171 1172
1088 1089
1515 1518
1178 1179
1101
1132 1133
672 674
1299 1300
903 904
1318 1319
220 221
1680 1681
1370 1371
1397 1400
1554 1557
404
1589 1590
301
298 300
1917 1918
1444 1445
353
130 131
735 736
261 263
816 817
1709 1710
1856 1857
1968 1970
183
596 598
1743
1742 1744
179
90
36
930 932
379 380
400 401
1953 1954
477
1328 1329
614
171 172
859 860
927
1102
1736
290 291
1022 1024
1297
1374
1293
1455
620 621
732 733
1606 1607
1203
1510
772 773
275 276
1678 1679
618 619
25 26
834 836
661 662
363 364
1779 1781
97 98
1846
1964
1988
1562 1564
566 571
1376 1377
937 938
1139
394 396
38
1932
77 79
8 9
333 334
609 610
490 491
103 104
1793 1794
121 122
110 112
838 839
1341 1342
258 260
513 514
1232 1233
1270 1271
1483 1484
757 758
402 403
435 437
977 981
1330 1331
508 509
785 787
1260 1262
114 116
335 336
656 657
1965 1967
159 160
204 206
117 118
197 199
302 304
124 126
1015 1016
307 308
398 399
412 414
1311 1312
1951 1952
578 580
946 947
164 167
1501 1502
638 639
868 869
1153 1154
719 721
1287 1288
1630 1631
2 4
642 643
623 624
950 952
1083 1084
989 991
268 273
1279 1281
1127 1128
386 388
647 648
631 632
861 862
675 676
711 712
1081 1082
805 806
1223 1224
87 88
944 945
970 972
1749 1750
511 512
1858 1859
1459 1462
1570 1571
1274 1277
1124 1125
909 911
343 346
1574 1575
633 636
1735 1737
1984 1985
464 465
216 219
545 546
1739 1741
1788 1789
150 151
1168 1169
1654 1655
1465 1466
1986 1987
1507 1508
472 473
845 847
1753 1757
1853 1855
1962 1963
42
494 495
1910 1912
866 867
1065 1066
1597 1598
24
1874 1876
367
986
1250
1862 1863
939 940
1100 1103
555
1935
1235 1236
725 726
755 756
178 180
1266 1267
1555
50 51
1769
717 718
235 237
74
1648
99 100
195 196
968 969
89 91
707 708
186 188
278 281
424 425
1800 1801
1069 1070
309 310
1161 1164
484 485
1578 1579
518 519
175 176
907 908
443 444
739 740
942 943
1470 1471
1194 1195
1977 1979
1975 1976
502 503
1786 1787
1764 1765
426 427
1872 1873
1583 1584
1289 1292
141 142
1650 1653
128 129
360 361
1697 1698
1610 1611
1495 1498
1313 1314
1043 1045
1804 1805
527 529
1908 1909
848 849
783 784
1731 1732
1831 1832
625 627
1819 1820
547 548
894 895
375 376
1533 1536
924 925
71 72
1035 1036
896 899
1109 1110
1530 1531
1355 1356
1998 1999
1334 1335
47 48
407 408
1211 1212
541 542
1945 1946
1263 1264
1432 1433
1307 1309
821 824
1626 1627
238 239
1526 1527
1888 1889
1921 1922
1576 1577
1896 1897
318 320
881 886
350 351
1528 1529
1017 1018
669 671
665 666
1860 1861
1898 1899
603 606
1670 1671
1947 1948
516 517
842 844
328 332
1745 1747
1949 1950
170
1174
39 43
1378 1379
384 385
658 660
1565 1567
389 390
1301 1303
1704 1706
1558 1561
1226
223 224
1937 1940
1551 1553
1684 1685
922 923
1122 1123
1768 1770
1599 1600
1543 1544
1784 1785
1796 1798
337 338
1591 1592
162 163
1883 1884
228 229
1472 1473
251 253
745 748
1491 1493
1047 1048
872 873
1994 1996
1926 1927
1254 1256
1868 1869
525 526
687 689
549 551
853 855
35 37
753 754
1140 1141
920 921
534 536
1242 1246
741 742
65 67
1002 1003
1205 1206
995 996
1217 1218
1182 1186
956 958
1348 1349
1694 1695
365 368
1144 1149
953 954
552 553
1833 1834
288 289
1727 1728
1237 1238
1372 1375
1295 1296
1971 1972
965 966
1405 1407
616 617
152 154
189 191
1759 1760
1215 1216
1904 1907
256 257
1657 1659
828 830
1816 1817
1352 1353
1505 1506
1316 1317
729 731
201 202
1393 1394
912 915
825 827
558 559
1512 1514
722 724
1380 1381
709 710
1771 1773
781 782
1713 1716
1072 1075
1661 1662
1478 1480
788 789
1618 1619
1593 1594
11 13
1689 1690
1879 1882
1864 1865
1572 1573
455 459
1229 1231
875 880
148 149
496 497
1192 1193
640 641
1395 1396
1634 1635
207 208
1647 1649
6 7
1322 1323
759 760
1000 1001
85 86
242 243
1751 1752
1032 1033
1225 1228
1692 1693
1790 1792
1439 1442
486 489
667 668
1258 1259
1547 1549
326 327
1828 1830
1485 1486
743 744
1699 1700
1890 1891
1686 1688
1902 1903
212 215
586 588
959 964
975 976
694 695
1642 1643
702 704
935 936
1011 1012
1545 1546
373 374
1711 1712
1111 1112
59 60
1417 1418
14 15
1621 1622
1919 1920
1585 1587
27 28
1467 1468
581 582
1151 1152
1663 1664
982 984
82 84
1382 1383
985 988
1305 1306
1093 1094
1928 1929
247 248
916 918
1385 1386
1632 1633
1456 1457
1029 1030
1814 1815
998 999
1039 1041
1408 1409
68 69
1424 1425
1580 1581
814 815
1350 1351
1165 1166
737 738
1595 1596
94
1046
1079
963
1239
1326
1230
49
568
1180
727
720
271
168
3
1414
1078
345
70
1556
1023
101
978
432
469
1387
192
119
593
1028
177
44
913
294
871
64
1283
818
1339
1146
1391
1401
1941
397
287
1449
1415
214
1431
1938
1615
203
652
1057
794
1087
654
1147
1893
554
1406
1535
857
423
422
910
210
906
62 63
1966
439
213
1304
629
1813
1702 1703
887
1982
659
329
1795
874
1823
864
52
898
393
604
967
797
883
670
1532
1282 1286
599
187
837
1158
774
884
1354
876
560
262
457
1181
1715
1939
728
1142
113
57
645
1881
448
161
436
1227
1276
905
688
703
21
801
820
102
823
979
132
971
1403
1492
1469
319
366
1412
144
1911
768
1162
1392
877
1252
1399
209
499
1388
1995
1682
655
109
325
1042
587
1843
83
933
342
123
232
78
1426
111
1563
1997
800
285
1608
835
1669
1159 1160
1559
1803
931
173 174
1588
1332
471
1775 1776
1808 1809
878
1714
1620
1665
786
901
1284
1448
1934
410
321 322
1754
1854
1524
1772
246
746
1494
1623
1184
1913
1738
809
1990
1628
685 686
1474
1901
369 370