750
57
413
426
195
210
421
269
171
487
318
692
76
627
165
781
111
44
123
142
647
767
494
860
723
695
108
449
915
960
570
516
177
506
603
221
977
334
742
17
136
324
490
650
735
566
193
643
539
648
640
75
15
113
133
277
43
830
326
442
731
309
141
478
34
827
576
432
557
990
206
972
231
532
849
236
398
612
283
304
507
335
317
18
137
967
844
454
703
765
956
679
622
748
575
808
299
2
659
653
773
693
875
785
850
380
855
241
939
294
805
64
949
347
593
378
375
656
313
358
352
259
211
333
355
357
8
175
122
541
792
327
668
379
734
673
185
824
768
521
984
78
714
743
681
779
341
285
343
30
791
691
223
515
870
63
214
561
810
381
234
240
739
447
316
213
852
484
840
441
725
896
474
786
187
909
25
101
828
46
520
823
976
194
310
843
683
275
932
851
592
918
694
657
320
492
894
440
268
777
537
284
594
233
230
226
401
749
527
926
422
788
178
934
40
787
61
359
461
876
755
143
179
728
74
397
812
670
688
26
256
597
605
204
329
820
370
160
443
998
262
312
816
606
864
266
822
641
280
720
42
252
979
598
651
853
4
517
832
887
407
190
279
300
923
866
273
362
353
431
36
503
121
534
813
907
936
112
555
889
750 751
436
585
685 686
363
987
611
846
437
845
879
246
664
348
945
672
897
571
744
500
71
708
10
709
49
642
971
871
314
922
988
99
107
203
392
394
22
628
531
501
719
737
821
533
508
390
614
168
999
861
937
293
464
689
715 716
908
209
399 400
595
615
952
906
82
451
463
713
550
85 86
993
91
587 588
35
946 947
899 902
457
901
419 420
458
303
6
700 701
90
306
167
927
93
149
104
412
361
229
12
5
480
140
24
568
452
365
510
424
434
505
705
778
282
350
900
297
371
540
730
630
758
430
649
617
349
552
468
542
783 784
865
497 499
678
757
981 982
888
645
756
769
88
881
486
804
680
207 208
924
856
793
69 70
831
973
549 553
292 296
14
146
39
150
905 910
51
964
20
321
217
301
255
182
212
276
330
405
707
278
302
188
965
202
469
577
624
248
655
388
481
890
776
509
288
847 848
368
914
556
382
943
84
940
955
55 56
560
562
747
607
878
800
868
740
360 364
632 633
219 222
951
995
917 919
602 604
578 579
29
110
126
128
198
600 601
925
636 637
634 635
315
197
79
287
180
114
498
218
554 559
489
729
417
726
473
220
261
639
646
589
155
551
762
23
242
558
295
970
724
803
547
117 118
325 328
766 770
963
77 80
911 912
224 225
733
772
746
780
65 66
629 631
429 433
97 98
103 105
215 216
682 684
891
485 488
837
596 599
608 609
247 249
997 1000
385 386
232 235
154 156
754 759
789 790
404 406
253 254
658 660
477 479
565 567
1 3
696 697
199 200
58 59
968 969
152 153
883 884
590 591
47 48
928 929
267 270
526 528
427 428
37 38
763 764
174 176
189 191
307 308
181 183
569 572
60 62
338 339
775 782
903 904
159 161
819 825
962 966
322 323
942 944
53 54
336 337
445 446
580 581
974 975
698 699
867 869
535 536
465 466
127 129
920 921
81 83
172 173
892 893
806 807
184 186
817 818
237 238
711 712
938 941
311 319
274 281
752 753
395 396
271 272
736 738
986 989
448 450
513 514
502 504
529 530
676 677
638 644
366 367
978 980
524 525
674 675
354 356
794 795
826 829
538 543
157 158
132 134
706 710
717 718
124 125
164 166
833 834
546 548
192 196
331 332
771 774
727 732
227 228
467 470
416 418
994 996
50 52
760 761
798 799
872 873
885 886
948 950
106 109
67 68
87 89
72 73
139 144
264 265
286 289
475 476
862 863
491 493
435 438
257 258
584 586
619 620
518 519
563 564
835 836
652 654
666 667
669 671
346 351
482 483
663 665
119 120
376 377
702 704
145 147
933 935
162 163
344 345
495 496
610 613
625 626
511 512
573 574
895 898
661 662
721 722
953 954
244 245
16 19
957 958
92 94
402 403
28 31
809 811
115 116
841 842
858 859
991 992
880 882
383 384
391 393
169 170
838 839
930 931
148 151
959 961
130 131
387 389
874 877
95 96
250 251
298 305
135 138
369 372
460 462
239 243
621 623
983 985
741 745
414 415
423 425
544 545
582 583
373 374
913 916
687 690
801 802
11 13
32 33
7 9
41 45
290 291
453 455
854 857
260 263
439 444
100 102
456 459
410 411
21 27
814 815
201 205
408 409
616 618
522 523
340 342
471 472
796 797